3,1
3,3
10,293
10,175
10,128
10,68
10,17
10,170
10,2
10,3
9,5
9,1
9,7
8,17
8,8
18,1
18,3
14,8
14,1
14,13
14,3
13,1
13,3
2,2
2,1
2,3
48,11
48,9
48,5
48,3
48,1
41,2
40,11
40,10
40,9
40,6
40,5
40,3
40,1
37,166
37,165
37,164
37,163
37,162
37,161
37,160
37,159
37,158
37,151
37,150
37,137
37,136
37,39
37,24
37,23
37,22
37,20
37,19
37,11
37,10
37,9
37,8
37,7
37,6
37,1
37,0
20,3
20,2
20,1
19,3
19,2
19,1
12,3
12,2
12,1
11,30
11,29
11,28
11,27
11,26
11,25
11,24
11,23
11,22
11,21
11,20
11,19
11,18
11,17
11,16
11,14
11,13
11,12
11,11
11,10
11,9
11,8
11,6
11,4
11,3
11,2
11,1
10,316
10,315
10,314
10,313
10,312
10,311
10,310
10,309
10,308
10,307
10,306
10,300
10,298
